The contents of the non-sorted  Array is 
0 22 63 85 29 11 40 25 79 9 37 70 78 72 66 21 24 58 58 52 62 17 98 76 
63 71 26 50 85 88 29 44 94 84 53 85 12 59 21 0 76 80 15 11 99 37 4 96 
80 76 4 71 38 56 56 83 96 60 58 59 29 29 50 30 51 73 47 73 10 84 53 4 
66 45 20 99 41 97 11 92 36 43 53 77 92 91 50 99 49 93 62 9 85 74 89 22 
56 63 56 23 
The contents of the sorted  Array is 
0 0 4 4 4 9 9 10 11 11 11 12 15 17 20 21 21 22 22 23 24 25 26 29 29 29 
29 30 36 37 37 38 40 41 43 44 45 47 49 50 50 50 51 52 53 53 53 56 56 56 
56 58 58 58 59 59 60 62 62 63 63 63 66 66 70 71 71 72 73 73 74 76 76 76 
77 78 79 80 80 83 84 84 85 85 85 85 88 89 91 92 92 93 94 96 96 97 98 99 
99 99 
